 2.86590700598 -3.3148408742 6.8931571256 1.88208246001 2.66512127176 2.28473755099 2.84397999299 0.902237173051 2.24308652267 2.37598076893 1.25940644109 1.16486055413
 3.62329689718 5.80839721799 1.07399650882 1.76456320246 2.2807625053 2.20825377512 2.84303113163 1.76296782781 2.62436206661 2.66917212471 1.20900367854 1.24410002378
 3.13846044209 1.92744008302 2.15216305424 2.25036859499 2.48878853743 1.95804912196 2.50547888205 1.25520936952 2.3316508509 1.0927936264 1.25988484239 1.17909547735
 2.30693939112 0.490167253066 2.30188007818 2.23271358145 1.62921730252 1.72330293363 1.78658664348 1.52076165888 1.93117306939 1.22188688576 0.971672942106 1.24111953728
 1.5462725881 2.55119109732 2.82469740424 1.52406764638 1.05313274052 1.70574803234 1.5708964622 1.30015898273 1.84165925163 1.10265424084 1.7410958308 1.64078562732
 2.76394273855 1.29031722254 4.01633405284 1.55007815347 2.15222620678 2.29990031603 2.34086893232 1.85956409098 2.38941667047 1.50030276086 2.01867592933 1.97437246442
 1.44672478167 -0.418118713571 -0.0966711245282 0.42097007532 0.615360765969 1.26118927667 0.920012766465 -0.0868285468967 0.782186320072 1.00478331955 0.967958549629 0.644445994225
 1.32845857352 3.36693666018 4.31868990299 0.670012973046 1.19366082877 2.00942505068 1.28383189455 1.88336121165 2.19186822601 1.07100341281 1.94002536264 1.62888700513
 2.2894874655 2.44278993272 5.35863974922 1.19956666074 2.32834405854 1.97594204128 2.30702538755 1.08138795341 2.63268098067 1.25489602741 2.03156905816 2.05640628589
 2.38086550256 -0.564176460864 0.444304066297 0.983889128918 1.70364987992 1.66591847053 1.23920470569 1.45922689155 2.42290867933 1.99634630897 1.76310470276 1.57354716113
 2.19835879287 1.32986427952 -0.830038179143 2.24750427126 2.05612457448 2.53116036519 2.53130634088 2.02759039659 3.19694809934 1.899320733 1.95361510803 2.17170049756
 3.05262213422 5.82733316595 1.98937932963 2.72414541351 2.6611357399 2.63141690759 2.15242422901 1.46633592923 2.98552519608 1.17333497598 1.88531881012 2.17093425022
 2.521340071 0.782825344695 6.56000645414 2.38262674977 2.30313328172 1.73770453656 1.44139485525 0.000986173427384 2.32300930644 2.0741927827 1.04278321005 1.17994451565
 2.55484921923 0.303392197973 0.171581159663 2.15371337285 2.43015949539 1.65827121247 2.21922841762 0.726796655885 1.99032791118 1.23510458825 1.01438416901 1.10056472727
 1.5751371307 -2.68451304877 -1.59421334015 0.500421991939 1.27423095987 1.5365614312 0.884490994887 2.03354926845 0.989801324741 0.57997090851 1.69647394322 1.09025409612
 1.05190006082 -1.9146052075 1.69109565488 0.424327471419 0.711261875496 1.33109247645 0.524582126107 1.95601872054 1.13355442863 1.40637917747 1.62000078941 1.05024209887
 1.7938589568 3.17665669612 1.80697930362 0.69457816344 0.724939895 1.05135220598 1.56060139511 -0.089142576089 1.28604208458 0.565692566064 0.968982929022 0.467847391136
 2.71943877857 3.76607146912 1.00334669617 1.7075126259 2.55046626565 1.89760001577 2.89382803411 0.763678266874 1.80004010447 1.78427769763 1.33576122879 1.30540529814
 2.30688131672 2.47726975717 2.08659837773 1.72021066655 2.64875326674 1.82864082805 2.88067704775 0.582784512127 1.73916237266 1.34011055661 1.34836823204 1.11877998697
 1.89081153519 0.112895879798 2.92821805095 1.37038338928 1.21689218271 1.7083210743 2.01210875921 1.16459332349 1.86015346435 0.0744907677335 1.0780406921 0.940043157302
 1.78866788323 5.28945295876 0.112905412141 1.18156270472 0.771282167905 1.60631216161 2.27394233016 0.7226315841 1.37429194448 0.321433773627 1.12362357735 1.01917313371
 1.76161396133 3.99214661268 0.424277134239 0.726617016181 1.94310959487 1.78402901299 1.8864911344 1.17352480482 1.93074857002 1.05832895338 1.9213924797 1.47242589761
 2.22237283243 -4.02100319807 3.19774746681 0.817409874009 1.19379357862 1.96148389445 1.63132559968 1.62044033444 1.78945860299 -0.133054373903 1.91610739301 1.51733849879
 1.940272461 0.826295651865 -0.139997438361 0.806539486473 1.17245141562 1.35683718626 0.956030839251 1.32094281355 1.34232292922 0.462850356635 1.67591200588 1.06842631473
 1.86498858059 0.390357149139 -3.26616159274 0.192418847709 0.685307033079 2.13609290217 1.52449228168 0.349682369502 1.34919652563 1.11829544156 1.04853701379 0.490619271534
 1.84919292028 3.1544763308 -1.71543323698 1.56573634289 1.43221447313 1.95710751784 1.95364247818 0.12266623167 2.0027426241 0.990905290754 1.08531832907 0.526913203452
 2.47877412675 2.35120454174 3.51608761805 1.04735482526 1.91575621517 3.03434383298 2.24660836682 1.70952851539 2.9532041983 1.76327612102 1.99014037155 1.46192971401
 2.35045348731 3.55011662745 -3.28680570237 0.5853225549 0.8149411702 1.72585017243 0.81350080928 0.587706725814 0.664702036029 1.262667814 0.792785945965 0.214467269174
 2.22527788572 0.570042468773 3.48089590431 0.326769451699 0.622605623062 2.07209664452 2.08574826264 0.571227393524 1.1030854494 1.6345226639 1.05577771796 0.533205486555
 1.41145081696 1.17034459536 0.185105991481 0.542133222585 0.451815579856 1.1191779925 1.22635554415 0.981510927794 0.447569644635 1.80742492979 0.950786186566 0.59426640394
 1.55862257104 2.76826725154 0.331737974915 -0.328411575028 1.36428538216 2.03543711622 1.38319587432 1.60591329823 1.61013498548 0.621955881958 1.93250672281 1.42507869346
 3.20270871451 3.74816865762 3.95891596648 1.54765830058 2.37251006325 2.13456417782 2.24994178713 1.92056628788 2.87699428099 0.806486360212 2.03596148557 2.11824397118
 2.50843608673 2.70820228002 4.40928953938 2.12372799102 2.62901491314 2.04163164878 2.27065636067 1.16624312874 3.128193559 1.97359710079 2.05502917355 2.18889367375
 0.99700771819 0.3984557147 2.48776697428 0.743794184586 0.249143007777 0.837998446976 0.932251239633 0.791547514384 1.2775476526 0.481130276276 0.823377522786 0.591941158509
 2.11906436877 3.55258689643 0.0917144221284 1.47865635226 2.00031186513 1.69768551345 1.79108171356 0.736757740977 2.31151652882 1.68558121713 0.963894178684 0.913056011399
 1.91319426114 1.27949757034 1.14708745755 1.16011047349 1.92495048891 2.25833660501 1.93396010349 1.53534679456 1.66063431583 2.18652315883 1.84434470874 1.67016564245
 1.93296638885 -1.11005885654 3.73424718151 0.791729312722 1.68920940245 2.25204920562 1.8866795218 1.71114045604 2.02727462941 1.21990374914 1.78977955599 1.52334180795
 2.92028456929 5.45481687675 -0.932199860558 2.70339675072 2.27447621902 2.57008664293 2.21363935563 1.40201968185 2.99845229917 2.60933746789 1.92948195236 2.04079162108
 1.75488881154 -1.71231462884 4.48147356978 1.4991886628 0.832112931999 0.916961835112 0.873076069871 0.840410873184 1.16738331669 0.543491651296 0.830355269337 0.72102132131
 1.89385842872 -2.44324365776 0.533779491417 2.97088040111 1.98235232319 1.65784179235 1.92175626522 1.76789344127 1.8660930158 0.00592134099178 1.02707412587 0.956737152764
 1.73531440207 3.89709270597 -1.31382061859 1.44395350596 2.00681413613 2.3509089261 1.92016221164 1.79233822571 2.14162261004 2.81587550351 1.82705895353 1.51474359373
 3.16264945253 0.242546246634 1.86735327963 0.856636851113 2.07911305643 3.05941657998 2.42501079782 1.5671938206 2.36887806334 2.79293215439 1.87131212222 1.60095389308
 1.66134477823 -0.794066012791 1.12002941528 0.605242623375 1.05242773409 1.60159267797 0.877545069887 0.107129959692 0.501810908242 0.585725664044 0.794728372575 0.21490871716
 2.15978807026 2.33827657144 1.11627292279 1.01041425983 1.00456421472 2.25771631139 1.75653183915 0.532529856626 1.66900028202 0.758970910027 1.08515690201 0.586511689122
 2.04153317397 -3.40178843935 -2.67410165557 0.658274375943 0.852482453917 2.07867813001 1.90490548376 0.277597357296 1.39364005701 0.3081292968 1.06274964483 0.752510150999
 2.11168017781 -1.59256229041 5.03997118844 1.38487000126 2.3139494126 2.6758249623 2.80089786944 0.077450662911 1.78202404624 1.85705139241 1.34535133129 0.785342719133
 1.73990811951 0.617690626657 0.676532165536 0.574933680297 1.43104220938 1.96305687409 1.97560227795 0.186360188912 0.878828449915 2.05603100149 1.02703784688 0.298899939446
 1.75810146167 4.17889481736 3.64996588655 1.0223577599 2.73766819006 1.98932505683 1.3460030054 0.505544494065 0.831782959478 1.3533629886 1.04200131906 0.345700296593
 2.63345650059 2.85781557522 -0.521136868231 0.477479230087 2.07264181239 2.54474022905 2.22300810176 0.36504218421 1.32085182574 1.59230832918 1.32210221354 0.68975634472
 2.0449841943 5.40319122707 3.99708842636 0.67276014774 1.90603289883 2.75944790032 2.42825308695 0.607646145472 1.59391529524 2.9576314467 1.34551103203 0.621840257051
 2.50111291511 1.04046403075 4.37869738132 0.931904166334 2.75985170154 2.48481865132 3.06246941565 0.730128873316 1.48754298043 2.65183153053 1.31966366678 0.732025935114
 1.74585984907 2.6936623866 -0.200753869051 0.75835222308 0.96312106116 0.948752280472 1.15978346109 0.416739888893 0.75994552063 1.08606003407 0.931159112472 0.533294246484
 1.76425336263 1.07789978884 0.128819043088 0.425963194131 0.915767533353 1.01667560888 1.21911782343 1.7428034815 0.520210180415 0.909651648559 0.897538876053 0.311590079953
 1.50440294499 -2.07117131939 2.7120319215 0.856053115302 1.27012353744 1.10160775779 1.57292718984 0.433582570371 0.409274647085 2.00548744004 0.967568394396 0.47566105359
 1.62266383907 -0.296747576631 -0.411800713114 1.38518042652 1.53570268083 1.52970136073 1.78825023181 0.588859261101 1.99967005223 1.29616777275 1.12045232313 0.851751417675
 1.03973451041 2.67863359022 1.67692249642 0.993673573634 1.28230406628 1.34532862802 2.4755735945 0.589739918315 1.52587679998 0.556120239543 1.11505799135 0.988285925049
 2.38493751172 0.841640460718 1.84968630849 2.07326702015 2.16185707868 2.18081254693 2.11598701317 2.22577798469 2.71636444115 0.838407887126 2.01581974222 1.95525072074
 2.41754830866 -1.67609245023 -0.251792740326 1.1776381279 2.22019606449 2.36983517542 2.45961963262 1.3640995845 2.58646817297 1.44363341733 2.06011871737 2.03566190036
 2.12088469382 4.11492592516 1.51971458334 1.15282422405 2.40397355911 2.22119683005 2.11139263968 1.27704734551 2.94244895375 1.9484403001 2.01899190436 1.82981011001
 2.42871404885 2.22549193983 5.69506491423 0.762068829644 1.85145145567 2.25531889734 2.80098510981 1.87439936182 2.94526025483 0.977808193299 2.0423414267 1.87670741433
 0.912697721812 -2.21872743986 -0.340673998202 0.224967371327 0.862062158471 1.25139367639 0.235365709915 0.959212542846 1.07820735014 0.84540209422 1.67140739228 1.19079836676
 2.34391197126 1.50842745946 -1.30253588694 0.193660788629 1.96204245335 3.06664428821 2.31594429511 1.44857678393 2.10344727638 1.82128940898 2.00730953077 1.56525830086
 1.65430293984 1.23343785757 -2.15763467483 -0.0294550621485 1.14569486378 2.07497745481 2.23586707774 -0.0932959841093 1.10193809915 0.555534409004 1.08693839279 0.672544990072
 2.00495935376 3.29900522781 3.2684417397 1.64858250989 1.81225895866 1.96650619164 1.61014126478 0.75317956498 1.94245648846 1.76539575957 1.0708663155 0.42835996811
 1.33846978738 1.53635355535 0.26707520282 1.14496457363 0.885406003439 1.48329514286 0.968716937354 0.558460820023 0.603260056145 1.0028102388 0.819026831256 0.188236447961
 1.9440609975 0.674559323214 -0.464780883413 0.325787612358 1.97776214229 2.31868019239 0.731722445182 0.952481979931 1.71533872877 1.36788351653 1.7102270195 1.2726389682
 2.20398735977 2.76986756972 5.95950372004 0.981942856969 1.97147857323 2.82331817945 2.00905461174 1.46482992976 2.18616187158 1.61720350335 2.02322321211 1.54761586343
 1.84974742786 0.727719376911 3.85264348836 0.713966754938 1.13467431485 2.01309721061 1.6719628532 1.79070574003 2.0335567314 1.02603285067 1.94996748469 1.38231841373
 1.38382126639 -1.33220112779 1.13709881962 0.496504656206 1.54077403334 1.94854235356 1.70799855877 1.82663229014 1.55289417711 1.70642475482 1.91343469661 1.43157054802
 0.512629019933 0.625901152839 1.75706441631 0.0975634922736 -0.243580745631 0.616907439056 0.177377466748 -0.0730651574336 0.50537536701 -0.116476503906 0.661589314757 0.146854614032
 2.53539464675 2.67231820906 3.0168090764 0.839882285035 1.13411847763 2.21852872315 0.980117706937 1.99149807986 1.91250120579 2.47429856969 1.72642020746 1.41502179884
 2.2217529548 3.2495796785 2.85111788138 0.674913696545 2.41449878333 2.91461223403 2.16400603607 0.830911799578 2.9311111905 2.0166353181 2.00268401167 1.38347685963
 2.5466759245 3.78233669505 3.7285595571 1.82971379586 2.48001260049 2.92941599978 2.15100037312 1.50010307921 2.67394788865 1.836861334 1.98226046487 1.60188213714
 2.7321798394 -0.134531833435 2.10759393449 1.15614542081 2.26834087545 2.94203134639 1.99903693463 1.17116786008 2.28057444126 1.27923603647 1.99306740991 1.56796971743
 1.65888953237 -1.41893140212 -1.6008197497 0.264438890793 0.799511056345 1.1960607913 1.07374155973 -0.0611024777776 1.30172111172 -0.593889441174 0.949081992705 0.47707962461
 1.08449706868 1.51828201601 -1.12843042878 0.219853216488 0.752152614738 0.957659060941 1.53433416893 0.757429598076 1.08231975653 0.598488793144 0.984355963839 0.411584831846
 0.965937555859 1.74234880861 -0.22794995299 0.315323029212 -0.583609333635 0.349789060926 0.512045132238 1.31268687723 0.27474528837 0.386514241855 0.677941111789 0.285804205099
 1.65416095695 -2.81302743674 0.206708348789 0.912386356979 1.21582562256 1.93138153632 1.46995716352 0.430806811726 1.63065607269 1.93047471747 1.78292924782 0.809921605323
 2.11656607972 -7.6913892964 2.03032806908 1.18071133491 1.69458635344 2.59172070302 2.00030156999 0.971984783052 3.30113291564 2.35559838636 1.93107903478 1.0084913467
 2.94298689178 2.94901301698 1.10353485751 1.44771147934 1.33349863759 2.41167178918 1.72255434907 1.98701750509 1.52130602063 2.91012488058 0.932072714624 0.616861388461
 1.36308894794 3.11322902083 0.966255630553 0.481780719772 0.014741751218 0.66939887908 0.877639801127 1.12313435745 1.47459197364 0.840379741563 1.67126893154 0.576868937922
 2.5812253358 6.16595104772 3.45287994952 2.01444259511 1.92268315237 2.14203083254 2.5860859151 2.09566094758 3.06751194188 2.09515977296 1.98077276414 1.50171889781
 2.66335623982 -0.161100731311 -0.125332456739 1.9871169305 1.74385330396 2.06979512286 2.48948862807 1.76225693231 3.03144405382 2.40798705877 1.9950981948 1.72345296896
 2.30762760882 2.15521417424 0.844735416836 1.48062392565 2.01360932456 2.187347384 2.61631319469 1.84509404471 2.86324343014 1.14345794317 1.97862294519 1.73350554353
 2.27684894085 -0.855075961298 2.34948583593 1.80810032738 1.9778337081 2.08164889144 2.32419643148 1.28087474931 3.22620152859 1.48294288136 1.98835038747 1.5631247986
 1.68356765764 0.224863287716 1.32773973715 2.15865875903 1.14059470415 1.19293548736 1.28127480675 0.35682400358 2.35705172008 1.55221062124 1.78045007775 1.24753272646
 1.97263689578 -0.856509256395 1.17492058223 0.120121247443 0.976876232464 0.790014159742 0.650149271414 0.0932664038344 1.27664428358 0.739810517156 0.830980699081 0.789942827835
 1.91436438839 -2.41777907037 0.125763582526 0.220262556691 0.67906055601 0.943141374251 0.675722950494 1.36172480596 1.23634517491 1.13864404423 0.805280954227 0.570321375427
 1.97210431348 3.33446957185 3.453683818 1.27816371044 1.5306841595 1.46221985374 1.78645657619 0.41929004308 1.98717139252 0.591736634593 1.13773953833 1.16678063485
 1.39217662975 4.38124096849 2.64543732283 0.630935522779 0.0886586924204 1.56586924772 1.74128776729 1.12433885295 2.11285036416 0.383546549661 1.97293051057 1.01180822822
 0.795396923453 -1.8865282546 1.73516867035 0.239872406994 0.961203665637 1.59233914485 1.66291385883 0.979000899072 1.74622789215 1.13700306691 1.97754772848 0.914938584624
 2.09899545141 1.1968312856 2.57362297451 1.49415160719 0.701194602999 1.25322436811 1.33072823305 1.45043951681 2.02314296754 1.4933996131 1.81080694114 1.35837361945
 2.34941496028 -0.897309380631 -1.30959050355 1.76629616132 1.02336249918 1.53686007401 1.67677297463 1.48758776351 1.97095173518 2.27509680184 1.00182696642 1.08213688254
 2.13264991463 0.72834234014 2.08676985541 2.33361774272 2.26878996033 1.60454632627 1.99820442547 0.848066496501 1.61116687477 1.09233973922 1.01053583094 0.988571246218
 2.09097686514 0.326646698674 3.68123229135 1.77691976317 1.7498880413 2.28210991069 2.33377941214 1.73172693723 3.26406230438 1.31746193671 1.96835508006 1.59900127661
 1.88990025473 2.65016880972 -2.94782983348 1.32803973691 1.34729909767 1.18716107471 1.30076219035 0.903979119907 2.1894040187 0.343019094943 1.78206959822 1.15402594029
 0.0650610785293 1.10232014186 2.75819961267 0.704255762239 0.431180791783 1.06478665051 0.985963378359 1.30147159731 1.17009574417 0.951392312232 1.61317858114 0.503599597121
 1.20547591935 1.81935090552 2.8594988725 0.939213310402 0.0592098341226 0.835250273535 1.27565197746 0.579237297597 1.16752642244 1.17136629594 1.66658941833 0.711251749483
 1.04730702813 -1.41183296111 -2.58757641373 0.717266036665 0.85687790314 0.490211413684 1.01025151463 0.260375709019 0.38989945258 0.531510601608 0.711039830804 0.208977713574
 2.2778620403 -0.184294679714 1.00795818857 1.23814633071 0.75847531236 1.63231954991 0.77692393823 0.612573318529 0.849335612474 0.354816797446 0.735560567207 0.404085097117
 2.78453712822 0.439880443689 2.73691431771 1.64287818187 1.57847748379 2.63059470229 2.568754965 1.26232474339 2.40789736507 1.27614364366 2.05287672025 1.0638637684
 2.25768766414 0.817321747077 5.45198830777 0.832834234556 1.51491964494 2.61287176544 2.48939715981 1.24725919299 2.39811418939 1.32361206644 2.07274182628 1.13885088295
 1.3532940807 2.36465644473 -2.15921187015 0.700016439022 0.48450089288 1.09363263364 1.32160510409 0.492125684713 0.910618569175 0.455416643043 0.966503759264 0.461327092951
 0.572973617588 6.0321279832 -1.57646340264 1.13996876562 0.454081712997 1.45948140278 1.64461796715 0.58247842409 0.961133769177 0.140965124448 1.02202457711 0.414490255351
 0.656985975431 1.16341247197 1.62879029718 -0.233627971248 0.503583830331 0.912916567299 1.11086330032 0.223831124807 0.686630462552 0.838691209578 1.68064759729 0.680991760776
 1.51658450997 5.70631387053 1.51095463168 1.34334041986 0.598688484755 1.18398074985 1.8681882597 -0.0499871898532 1.76740613062 0.827962610783 1.8107887363 1.15994268213
 2.22492409859 2.0171557591 -1.97191815136 0.963786524379 0.847971298799 1.36442452181 1.3311470551 0.717088245634 2.23788606503 0.779163457248 1.820632748 1.15069646757
 1.40067822907 -2.69009258716 3.90291931182 1.86855213924 1.89963819964 1.99367415761 2.72699638881 0.983033271705 2.91328842779 1.05939617099 2.03884847529 1.50067725408
 1.49065239197 1.90038618775 0.65072685743 1.20725918606 1.75753298123 1.52549190551 2.16311665336 0.621757756078 2.06352682316 1.58885395868 1.09790583457 0.983663707995
 2.33780109639 2.61674399456 1.65959398499 1.49595285467 1.30281918173 1.87493999231 2.01070590333 0.954115288439 2.76077087647 0.817636368687 2.08003966212 1.65030422101
 2.28321574754 3.89709562822 3.66547369148 0.95976433227 1.46779701521 1.93954472841 2.46795849926 0.244492014417 2.42477424115 0.954216550967 2.06605968095 1.49799646663
 0.700631822467 -0.493247835461 0.342098426016 0.630516747853 0.460855292027 1.01106548089 0.625468477507 0.536875500895 1.39444851043 0.499402190382 1.72945129106 0.749494055386
 0.849819251738 4.06433078216 3.23729627426 0.993209962747 0.671082743731 1.89449802184 2.34063147403 1.16176315076 1.79828198304 2.04807762975 1.92513146193 0.927327938073
 0.938603359624 1.79949171844 -0.128037749059 0.936809906345 0.53557379296 1.18728851831 1.26050259566 0.442913151089 0.685744649066 0.787184588214 0.966636948741 0.55199127008
 0.313642463621 1.51045174636 2.83802313967 0.400045823195 0.714117171399 1.39557694744 1.33085718369 0.413955442669 0.842147528045 0.719716980808 1.03964918102 0.455094647656
 0.943435659397 -2.94618400327 1.51706622184 1.42889626836 0.793747920691 1.1460075516 1.46138466405 0.882440567555 0.696634251605 1.09804889823 0.979524483016 0.482631886348
 2.75194894577 0.168576691514 3.62818049066 1.10436623327 2.80772599895 2.53987590397 3.27709474119 0.593573801611 1.41213809556 1.99361984044 1.30870222195 0.76583199199
 2.21689923902 1.22366268178 -1.05309501563 1.37871228851 1.39916298095 1.87518912364 1.56423524335 0.671072948404 0.892606844633 1.8245981801 1.0147420673 0.39907204428
 2.48187315426 0.774322018714 -0.920463902934 0.415547122872 1.82822562343 2.02114683646 2.2387727099 0.652155705085 0.85072386526 2.14084097666 1.05646533498 0.4632768191
 2.62505478569 1.21613204095 -0.64673275473 0.947338404413 1.50787413208 2.23485447157 2.95147193422 1.50084022605 1.71643724092 2.07189239875 1.30150491702 0.767914264145
 1.70954530454 2.2145725896 1.03986683116 1.18551008829 0.838277245137 2.37516207568 1.82382480123 0.142660110487 1.38653526822 1.63010281822 1.07137034815 0.550432513919
 2.39952868674 3.14130847938 1.45517285414 0.995130999053 1.23156868156 2.20322222504 1.76990846366 0.161215427015 1.58715871403 0.929268355995 1.04462413437 0.489942830881
 1.93329934734 3.00873349098 1.35193393809 0.720976330861 1.06365037443 2.21434401082 1.80307786293 -0.262457572665 1.6292968708 0.434736462271 1.09466221427 0.4655389813
 1.36352810305 2.25027069255 1.342500746 -0.379067714828 0.466613330985 1.00006365363 0.72521555232 0.788372512528 0.672138146466 0.262367416431 1.70718149163 0.69581012297
 2.09822698014 1.94933494153 1.01958034891 1.25506685536 0.731128210849 1.92455173618 1.44061420395 1.31799268236 1.60613070104 0.912607552628 1.75256660159 0.763845063681
 2.65507443094 3.96446208101 1.00219662226 2.05093513318 1.68951028461 2.88194874668 2.30475955215 1.08622931259 2.37853224376 2.28733626143 1.94688096887 1.07512769365
 2.26579163254 -2.49934710992 -0.0821777259148 1.173343156 2.26457690321 3.05705360895 2.15665411339 1.1313682107 3.0754723135 2.92128112943 1.92956941988 1.23149197669
 2.57592113597 -2.69187306828 -0.344068708819 1.38649336482 1.50918288713 2.45715751218 1.71670937709 0.893502556205 1.85124332918 1.56165921548 0.948305077097 0.682385487337
 1.95590121314 4.30695658259 2.96315830151 0.298012620528 1.09089185013 1.62642622707 0.917053075062 0.0550759934076 1.00332701303 1.72283851291 0.797927292993 0.301402149944
 2.38008488252 5.00976225033 4.88611199816 1.27380076244 1.28532202139 2.023592873 1.01479575311 0.113549831063 1.61998135136 1.86622296992 1.80242352437 0.757062915949
 1.54887396826 -0.0150235827051 2.09107015378 0.43062702887 0.656114718005 1.58382426002 1.46239504712 1.78175824772 1.54709645646 1.37639713988 1.93896123868 0.98731991518
 1.82049902427 2.18206163839 3.93008071108 2.13181498627 1.82595256823 1.91356473667 2.39790292177 0.222398140764 2.22641654909 0.605248539641 2.09592290273 1.37577728533
 1.32074502776 3.03300412193 4.74376616319 1.39275468155 1.37201891012 1.86671881936 2.33756143535 1.06507794754 2.5966372008 0.964106879502 2.10875094141 1.67005826233
 1.97877737267 3.25510086204 2.91609555088 1.72154063495 1.52127866388 1.49136806861 2.15309120169 0.774878553069 1.54184279894 0.517984649827 1.11571715449 0.92599785142
 1.84328569319 1.20848440063 0.33373403736 1.09764939551 1.06393394123 0.748800168713 1.08059691779 0.279310773287 0.880339731628 0.346567523862 0.819011412653 0.817904196934
 1.83121112706 0.420074883637 -3.2403678933 1.2679087839 0.808704713627 1.45101590295 1.68404915975 0.667294353763 2.07022019595 0.34840573575 1.83775387881 1.16956930539
 1.4667820668 3.75406215473 1.26098863366 1.194628466 0.732027349457 1.17366152464 1.86324315959 0.746172265283 1.6200897991 1.3192004025 1.83211232315 1.20170781496
 0.758050254676 0.644447613515 -3.06704902102 0.381476440669 0.321232352253 1.55452361488 1.94740484655 0.552176159096 1.44974132054 0.149644248183 1.97652763054 0.966746193861
 1.55694841089 -1.14526642482 -1.15695306786 1.32732118541 1.73413949938 1.82273827563 2.60900510688 0.908693988019 2.72882409307 1.16993173472 2.16082988916 1.47830411732
 1.90626738556 3.03267537839 -4.69393557423 1.00700643381 1.10438633931 0.986374466367 0.646772369342 -0.765591107355 0.886678234302 -0.0357406428047 0.767847024025 0.842566364149
 2.10791683982 -0.504840189531 2.60007112863 1.37002083834 1.00910040539 0.74287298696 0.948510497876 0.532875176666 0.84954173699 0.534134511443 0.849833574342 0.452006959822
 1.82080843305 2.42748170057 -2.43840368107 1.28262155364 1.41279288405 1.63635490318 2.22532368167 0.564235217794 1.83058009203 1.51952218882 1.12955422198 0.999243380472
 1.74025354747 -0.202336042808 1.29564595143 1.36895424054 1.2476440231 1.296595447 1.81721627773 0.24955774676 1.99840157369 1.02007575077 1.1117492402 1.01578700545
 2.56823230563 3.21123447263 2.94377755767 0.698375005109 2.5132560085 2.26872132154 2.51960791152 1.534385469 2.98490698097 0.536679146882 2.00503490338 2.16135964201
 2.35206036969 2.07355104695 2.35127183066 1.15414875357 2.24253580521 2.37315359084 2.65239133434 1.90617218626 2.75585848112 1.87122775546 2.06121099643 1.95615424515
 2.08185623289 3.30901570444 2.27632707373 0.425814148282 1.52690416606 2.01873078669 1.71838604573 1.6428666797 2.24337147735 1.19078625658 1.91530945419 1.43141063263
 2.17219008113 -1.06686478178 4.71637017965 1.38456728487 1.61642298827 2.53775225036 0.825256595036 1.43251713478 1.41326690913 1.43117638939 1.72200355165 1.48655649027
 1.73812515609 -0.977587058232 1.84403701666 1.23766821181 0.750875234549 1.69228483439 0.062165046535 -0.188248216924 0.26919848331 1.1361444167 0.780672203646 0.258421573725
 2.40039110612 -0.879762910625 0.889684999684 0.901126422423 1.93201875613 2.53587761525 1.86032274721 0.228107203534 1.88218050902 1.42478599145 0.946182335406 0.48969750454
 3.50292515607 -4.51231943615 1.05549423137 1.87144540754 1.98282364401 3.19842275309 2.02264036265 1.47133638478 2.49253659482 2.57334150784 1.96322186389 1.53236460937
 2.87189292384 1.91325806606 4.63420684312 1.01674089603 2.15203046383 3.3964512488 1.94481097865 2.20645175817 2.27172280915 1.72583728051 1.864866347 1.56368627877
 2.4565047114 4.66706554814 3.51819649455 1.38365333097 1.92928468937 2.41684796521 1.7571346005 1.19291270793 1.66450384868 1.63251257281 0.990253069144 0.513154381465
 2.13162083048 -0.0598601968239 2.51821800408 1.33131321365 1.68045938452 2.1868817054 1.72515223238 1.19397708956 2.16097612913 1.47801325421 1.80875156087 1.62192946437
 1.99647691332 3.13014701736 -0.196111357369 1.12439603213 1.96479022986 2.24903551979 1.55128378344 2.10298240462 2.39320999955 2.21255918132 1.83017378663 1.50059458758
 2.04083800928 2.69267274968 -0.423628034805 2.39252751429 2.20653803055 2.72445946806 2.41356643116 1.46042397018 3.11918178141 1.78555137102 1.89834790028 2.15995263699
 1.641245294 -2.61131800934 -2.46039687586 1.16939955828 0.582478953043 0.764286902811 1.04416327393 0.198692854009 0.999314206336 0.797394391834 0.846603998096 0.914240932407
 2.35902795929 -1.79190525812 0.378208750676 1.8477457815 1.45518682159 1.49435580925 1.28259021644 1.5640194182 2.15326379165 1.24242251585 1.77701152273 1.68510250103
 1.68130275573 -0.647025272109 -0.937735787482 0.917175489876 0.957532076007 1.94346649744 1.43760425294 1.46346345604 1.96282206138 0.561086535525 1.91323546533 1.44908746774
 2.74323541436 2.2815175987 -0.829688933881 1.06894604339 2.69818437441 2.29371722596 2.03339756644 1.7794385091 2.85644704494 1.61654407666 1.971676811 1.99987112244
 2.49008714303 7.25547299294 3.89911373843 1.33625835549 2.26869999737 2.20260355352 2.514042377 0.95677792323 2.9444463563 1.27681334561 2.0201606182 2.00267686623
 2.11082049433 1.2401351888 -0.857912308685 1.58182134585 2.1267237973 2.24858864393 2.55871835681 1.51929546404 2.6440360579 1.21727672451 2.02974678913 1.8620198195
 2.2432725557 0.74961164072 2.35767052588 0.892793601537 1.83321748867 1.52790819752 1.33168347333 1.55140443759 2.15165367888 1.39195992968 1.79069986511 1.61483760025
 1.33606259894 7.56990581463 -0.837795212783 1.60913249733 0.941992550217 1.66527059357 2.06746256626 0.135509982344 1.88400904887 1.01233056558 1.08087259198 1.17756295162
 1.65605862075 4.94701802384 3.50917168996 0.979816163314 1.30772420241 1.64716904761 1.75843279178 0.174996517307 1.55108817697 -0.234751644943 1.10840351963 0.957835132762
 1.86747466698 1.38058380671 -0.0144516035142 0.637334678201 1.11959969311 1.20766056662 2.01588076777 1.04035018433 1.87233762644 0.315383225042 1.09836970004 0.766713133363
 1.89433920337 -0.0459758190545 3.32313133974 0.181856035825 1.63305008461 0.912001627154 0.9088867021 0.544976238957 1.21357967753 0.348238925122 0.833258694619 0.787202273175
 2.40085531769 4.03375838167 -0.335738266353 1.25418931429 1.91200994508 1.71566265457 1.09048465566 1.00403729378 1.97840070724 0.975030473604 1.76705675614 1.73025606043
 1.77972815687 -1.72062929189 2.31612697976 0.193730720373 1.31316411464 1.89511603846 1.89751966712 1.67549507925 1.93064858476 1.44584470014 1.92959816755 1.49905443571
 1.52937399874 3.48240261889 -1.34766516574 0.872954737029 1.77667436432 2.03328534001 1.61145205056 0.821940991107 2.04741783908 1.16012664458 1.93567626046 1.41356422514
 1.99612484342 -0.354288072749 3.53576268285 2.07426625184 2.42746693123 2.20673020539 2.24626608015 1.23699280695 3.15476933514 1.26211659347 2.05573434222 2.05025933982
 1.51563280868 -2.01629567086 0.820816099148 0.753164858342 1.53669230392 1.33322692463 1.97931432545 0.358166712534 1.89467552953 -0.468080268631 1.10327847643 0.761167391576
 2.39608816558 2.91400862682 2.84485993003 1.84729521245 1.45986355496 1.62989443553 0.956983430616 1.54528351341 2.08976906109 1.10498882897 1.81798645757 1.69567381167
 1.55817408514 -3.58246622534 3.71377088488 1.1866407466 1.34606666801 1.62690734294 1.59887574022 0.720302287744 2.001745257 1.24779935298 1.73044787441 1.68550694818
 2.42499164933 1.04991610547 1.11892411141 1.85346262028 1.8656299189 1.47827616807 1.48063798468 1.68967577404 1.76090178231 1.32423873762 1.80284811547 1.69876749564
 2.17023780344 2.6960293467 -2.8555785823 1.81828932489 1.50702650962 1.76219549131 2.06712201117 1.49612540264 2.19027316083 2.33203273007 1.04658831657 1.16634924695
 2.55991939791 3.26085779837 1.93948799671 2.26363596716 2.47724923229 2.22338424613 3.24966172432 0.818709598052 2.50095709662 1.12269706956 1.23197023678 1.1760692428
 2.4971589975 3.79356665451 4.81103920877 1.67622748278 3.07882205921 2.1145340289 2.39117899595 2.58525371427 2.31965655432 2.44747465509 1.24377764533 1.11178502337
 1.92740632919 3.39227232238 -1.39385452402 1.27236251151 2.00631997061 1.29634230587 1.86030801836 0.665054727611 1.54629579318 1.24186933069 1.11348556757 0.925455957045
 2.28845367227 1.42869449248 -0.343223996839 1.14539735775 1.85583030989 1.40078083938 2.03658030921 0.841582970865 0.802282937974 1.28550328576 1.05385860342 0.819591031233
 2.3369914484 -0.203004766849 1.34231397521 1.24827234185 2.61325192981 2.00078947099 2.94848677528 0.655010293651 1.96238837401 2.01215237962 1.3338708973 1.31432223852
 1.42829557961 5.16527578122 -0.256598045951 1.535442175 1.1546071753 1.3259780874 2.21555558083 0.209313379611 1.30207389517 0.718441944732 1.12560158336 1.08193428786
 1.4736802567 3.88929858951 0.226439083585 0.588267333731 2.02433635353 1.43123262122 2.48850120253 1.46042717276 1.22049609012 1.95959132164 1.2392797847 0.688668499414
 2.39572827324 2.93294200169 -3.85162187307 1.34260855795 1.71099164981 1.95668978401 2.2557836242 1.19758232415 1.16657781244 2.05540790042 1.00944127567 0.392193956847
 2.64815680304 -1.0974253154 2.76076809085 1.7285452188 2.35844415495 2.69268422653 2.80063972315 0.322016813164 1.65736618116 2.300230953 1.30665613408 0.794251221612
 2.4876971809 5.92314781196 4.83112803182 0.170157473433 2.079887952 2.68698501069 2.73768482353 0.277382625896 1.74848296808 2.70676315213 1.31831617095 0.84193272708
 1.9287491701 -0.990506502931 -2.53522093714 1.43687740626 0.76128784172 1.46939563555 0.917131807514 0.543566050208 0.889757302938 1.13587740094 0.78885446138 0.224458225986
 2.39510764439 -1.30464972272 2.89618536532 0.0378927408765 0.905669962548 1.67948499639 0.479806205376 0.588321287871 1.10250032234 1.64904917886 0.775649978671 0.370095840021
 2.59708504208 0.0323191356858 -1.31371883254 2.37987287897 2.31595119099 3.54011619625 1.75895792939 2.13344087716 2.56542350946 2.60688686324 1.93700211595 1.39777313122
 2.21344206765 3.81219841513 0.857435515618 0.963107731977 1.65333294577 2.23964818223 2.00410104454 1.80693700192 2.07012107026 0.945619334081 1.81562039282 1.39018009465
 1.78061418442 0.672245877436 -0.120413715339 1.11529716033 1.64137562672 2.18632559963 1.25823503844 2.22572321293 1.97617765941 0.47728169467 1.77657887639 1.44593565192
 1.82333416423 4.42125105147 3.96738373762 1.28363982516 2.28695888504 1.99329143639 1.69503338498 1.93212399391 2.00936751406 1.24914658727 1.8043807845 1.48342381975
 3.20890838238 -2.13161733243 3.39607378695 2.20181258457 2.460679418 2.45321852019 2.09099694154 1.42242577547 3.06957083375 1.68629455617 1.98746898706 2.09888650248
 1.54788478315 -0.291755434848 -0.717782034899 1.6232784539 1.4583150928 0.82408686153 1.12634749293 0.522641633311 1.2287341457 1.11908453714 0.781576995747 0.725419408001
 1.70764337557 2.54645493088 1.80871561235 0.8277434551 1.15577066387 0.827518022298 0.809499422828 -0.292074053014 1.14404283229 0.224432499562 0.811292967305 0.6609605809
 2.60714650738 -1.13640821263 -2.65408089826 2.28243740322 3.12561165198 2.36863928949 2.2413968839 1.375391059 2.94698910174 1.68918814346 1.94981293106 2.01014148582
 2.02513046939 5.91882678717 2.46160569054 2.5988249698 2.49291791914 2.39091421309 2.2870390092 1.58207796009 2.87784370386 0.232936008093 1.89148462843 1.96655628431
 2.41522123319 6.47002905454 0.591751524208 2.06680759152 1.50889808465 1.80495144153 1.12268720421 2.11255709288 2.08200773907 0.438410671527 1.80070719409 1.51492993926
 1.39331177617 -1.43415902811 0.192562401784 -0.170550443415 0.503493221926 0.602830100294 0.526628847237 0.437324248022 -0.0219077053356 0.802627638965 0.697505037578 -0.0087046141743
 1.98051488605 7.1101246507 4.19202508793 0.622421050188 0.869087089028 1.54317427695 0.449893052532 0.00410553378493 1.21711409879 1.09983497347 0.760398457648 0.0229306374438
 2.42589943016 2.52978686522 2.71837352568 -0.273555063146 0.750955930848 1.34802466449 1.24086478873 0.307576322307 0.844256397323 1.02807107244 0.746550719402 0.233042858971
 2.40264169497 1.20473301176 1.50375265266 1.92104902431 2.25163637708 3.23993862442 2.40597166696 1.79028573325 3.05472267625 2.8432292907 1.91664760569 1.47696336101
 3.26003218684 3.75687520237 2.35222633097 1.62583435238 2.84309394737 3.16722331837 1.89637944253 1.85184149804 2.88615678043 1.68373753201 1.87857752271 1.56763021209
 2.76851015955 -0.316149439328 1.06232600299 1.226218982 2.18104251233 3.21409874666 2.26018346727 1.49313182901 2.51618792332 2.67435159486 1.90864971947 1.62173767658
 2.32291843521 0.151476932434 1.13826198353 1.59113882919 1.71079025261 2.41172699534 1.95170743179 1.29652402983 1.91302124269 2.4192320878 0.974306142545 0.54076918572
 2.43565953765 -1.76842001606 0.991587885875 0.223023402731 1.72724646975 2.39517067696 1.54173639296 1.14069602497 1.54512244837 1.20294213377 0.946978271463 0.667851670706
 2.98324806131 2.26765559036 2.540423392 1.30944653496 2.78846533398 3.35570489901 1.87218421419 1.31026045715 2.65194941423 1.41628059009 1.94770488851 1.70124181162
 2.00278100599 1.96661194786 1.65230100526 0.53749652611 1.18136775619 2.27498472165 2.17722682906 1.4544693579 2.21031188607 2.18900858663 1.82069183587 1.52493708078
 1.9938885007 0.412443842242 -0.500274125319 1.31482538927 1.64060075578 2.37245813122 1.84654511621 1.88685831795 2.1179254607 1.15954195125 1.78636705783 1.42530982247
 3.00774777482 2.87263474177 1.93956119226 2.56602767843 2.56186101186 2.51911260681 2.03211426353 1.0573791923 3.2629605298 2.18550447513 1.96655367214 2.16790955771
 2.18482775298 -0.984049299994 2.66184839935 1.87207939319 0.894535703189 0.924019148863 1.004882848 1.0453127384 1.30580286963 1.41572039354 0.804868573857 0.770476293807
 2.38072598961 2.94628888312 0.678675411436 1.25676887303 1.66833862328 1.65491302782 0.724965921734 1.40075228063 2.2441108591 0.612837897176 1.77773805273 1.50381344013
 2.82434218556 2.55439298986 0.465503798642 2.34775819574 2.43798299254 2.55572614391 2.42159406682 2.17252514582 3.2433931455 2.04259746216 1.92501619089 1.97150089026
 3.479331955 1.25160515855 -0.795579092446 1.74287106419 2.46554748385 2.72933346293 2.54671714481 2.09789981366 3.12397982824 2.03803828391 1.97146780523 2.04325005912
 2.8159002798 -3.00135029463 3.75264824832 1.71322042958 2.78027444455 2.49705768502 2.1148307164 1.5285567839 3.0336481967 1.04479109179 1.95397809588 2.03240949448
 2.61173440083 5.56076876636 2.80922131065 2.39250294948 3.07242486149 2.50803613479 2.56783593466 1.95014708501 2.86056088871 1.99089944109 1.95956883558 2.01389962472
 1.00722993724 1.69531157406 1.69203633775 2.10243904122 1.40396601622 0.817595814529 0.882841926124 1.14020119046 0.715913386973 1.52391859845 0.808469602236 0.68562208573
 2.19233781454 -1.67795773507 0.15248838305 1.51046584816 1.68745334656 1.66843591816 1.33113119899 1.58165249554 2.56050681557 0.81602023823 1.7695322731 1.63329491961
 0.735505101992 1.69941105842 -0.230786907946 0.694964924752 1.06642287501 1.37222108936 0.702657341066 1.3699405713 1.05530614368 0.393252504879 1.64499656965 1.25048861814
 1.71024420553 0.0835386470689 2.34681833286 0.465756201529 1.24965738656 2.79913568319 1.98994168876 0.485517206669 2.33848181657 3.21958722804 1.99900882853 1.52987565855
 2.18681832927 4.28078560531 -2.53112249552 0.772363472378 1.69406329985 2.2009632467 2.08454333262 -0.0596256924843 1.42121386666 1.25122657319 1.10126663149 0.562752172087
 1.62838677479 2.85090887079 -1.34735053232 0.354116832639 0.648238615402 1.12876378002 1.54548273689 -0.166051859145 1.16520022767 1.0758360308 0.990502575808 0.523177024634
 2.22768698436 1.52864156103 0.559431264547 0.804687195784 1.79405683381 1.46821638432 2.53311702911 0.323903854978 1.26867522321 1.44490830898 1.20888368909 0.35333964838
 2.95541959491 1.21805311337 1.6995936849 0.753917220641 2.42476538313 2.77983543326 2.65228716072 0.675280084587 1.7218594996 1.89930475156 1.31510953089 0.730791535736
 3.07420524244 0.222188781738 -0.857548229734 1.23450109807 2.41358968499 2.67193279278 3.24456236089 1.15797953368 1.50680820826 2.37808569239 1.32909595667 0.570395148238
 2.37746227134 5.61238458302 0.953925704268 1.16165803144 1.94127425199 2.6901945844 3.39215304138 0.849859847108 1.98718977121 2.40044383289 1.33084168389 0.668471548967
 2.50232131357 3.91883687501 0.792511624113 0.193266563895 1.2646976695 2.11486058079 1.36190187964 0.276535408549 1.03046113128 1.62230198627 1.03594164289 0.472184907509
 1.58762214615 4.3634692843 2.33623242229 0.552518571231 1.30736877448 1.60481453835 1.04233100538 0.212559480853 0.851041498758 1.38266800766 0.772202007495 0.329120268986
 1.29568636404 4.27747733372 3.9045082868 1.11127407863 0.915024051395 1.55365957056 0.634012206647 0.110563330922 1.25789001043 1.85441880972 0.763286341569 0.146073130122
 1.9423030113 -1.57356249585 3.27757977765 1.27369634487 1.38960139758 2.4198022683 1.45515122229 1.35523930559 2.4695020554 2.03550573924 1.75193724747 0.976659353514
 2.24982155333 2.85093225696 6.76210834738 1.32493844533 2.25540216489 2.91037692516 2.2806069792 1.3192545957 2.50592985151 1.88448597458 2.00367376162 1.52672762584
 0.294712192254 1.53588599505 2.92616749785 0.935119743161 0.653736782649 1.19881085122 1.53470742512 0.641354127713 0.736328867384 0.886492573759 0.976823025493 0.4382433673
 2.67826835025 0.454674366382 -0.475829248902 0.512115530741 2.1849376148 1.92549847462 3.42200861214 1.65104282203 2.26378346356 1.96581240533 1.35701525103 1.11050097494
 2.26583420596 1.5396754802 5.35817941897 0.913876890258 2.03139039669 1.81197203256 3.34582112964 0.712860759692 2.02924364469 1.07415521325 1.32345354401 1.21461400716
 1.52534939387 -1.0998244595 5.79122815474 1.73552362523 2.02726214485 1.27755356112 2.02537208901 1.09368591963 1.28502032178 1.45129387529 1.0525507363 0.845495716457
 1.42648407973 6.09987445376 1.65446380611 0.765283796222 1.34560274696 1.10734159048 1.28212831997 1.43952287216 0.748954042264 2.00792505289 0.947200721912 0.23072038245
 2.71442450103 1.04451393557 -2.1827634912 0.333114528639 1.89682945298 1.84356148049 1.46805418784 1.67922758661 1.06548620268 2.55803761247 1.02434161041 0.330742995148
 1.68664019066 0.417109288241 -3.60430212017 1.52626822205 1.11220941852 1.51375205581 0.79340478573 0.228485256305 0.492742905011 1.13612237828 0.760260950726 0.181020797692
 2.94434803439 -2.57283768489 -0.322040693799 1.86501609744 2.53268381687 2.89636134766 2.76863494387 1.40681306987 1.84133685011 2.58602901912 1.21856348169 0.696623109364
 3.15875355501 -0.186834787516 3.47227636742 1.35004879199 2.57933374109 2.88257896333 2.41396605158 1.33102164175 2.04780573125 3.16227615069 1.21684960252 0.69626268994
 2.64925622035 3.32707198252 1.60909866307 0.929823718195 2.63707695939 2.76972974843 2.89977047768 1.10161214202 1.81058856911 2.48637945411 1.19292136202 0.638014984459
 2.0993962694 2.99021349473 0.0226716040347 0.498213893874 0.39360054317 1.03787543177 1.1582754296 0.480289194244 0.369678031462 0.191243196182 0.933546597026 0.426711078006
 1.19416766882 -4.66370852896 -2.52675905403 0.724345377027 0.930297503581 1.02945352986 1.15186243291 0.860551438392 0.348120360401 1.41247337168 0.962212041226 0.327944133971
 2.19040413726 -1.25079871678 0.00374351716956 1.06245977159 0.365178349631 1.61045356179 1.13600433538 0.573345565518 1.09287294532 1.79452011938 0.90236628681 0.700773659607
 2.03699628701 0.675706062268 -0.347698616573 1.13710370098 1.8585263671 1.83813220485 1.57659886073 0.907131913699 1.11387186457 1.92313632552 1.11685327538 0.790605032731
 1.70916509532 -0.971725385995 1.33282361186 1.40271945751 2.15779426994 1.16428765999 2.02013762499 0.732559598718 1.06664948328 2.19240819041 1.0530459996 0.942149375788
 1.79194173715 -0.747939717761 -0.062532582583 0.669725238987 1.88040721563 1.29020263665 2.15282397162 1.37594237602 1.26991439601 1.908072458 1.01782621539 0.864381197422
 2.35413482435 2.84558898355 -3.67692530889 1.4239638511 2.37623857789 1.97902899104 3.32217382666 1.05594321546 1.51079846529 2.16542846419 1.36421341204 1.16735904054
 1.67603580649 0.0524526558716 -1.10813998131 1.68443726603 1.19448839596 1.38246359182 2.14710714404 0.285178793136 1.99693216428 0.252215809528 1.12841846256 1.1870250422
 2.47727179888 -1.94960552791 0.429358779965 1.88775996463 1.69109592348 2.1735251808 2.42655452111 1.3203221932 2.77611709098 1.12589924178 2.09307428307 1.86730702354
 2.4652212872 4.55376223825 -2.00161632411 1.51723607277 2.22006847601 2.60712414209 2.17320181556 1.45768671847 2.96185767381 0.901016711001 2.04563956993 2.07145395727
 1.10579928184 3.23327609678 3.0769889397 0.994660537145 0.3288999184 0.70021982795 0.999197591441 1.03276575222 0.86606269284 0.445250538833 0.82356813264 0.709518686141
 0.735966206888 1.69953819966 3.74820904097 0.663609837365 -0.654272602276 0.6775491516 0.699576565627 0.0221710526278 0.526690030961 -0.4134395344 0.729465219162 0.205396759431
 1.95563893567 -1.9567066626 2.82014110071 0.600632284459 0.861813869769 1.43503295742 0.411013587322 0.387748306869 0.612903898177 1.80523585566 0.776639900901 0.289686974246
 3.32716724953 2.04620102808 3.27244781677 1.77935460969 2.79435039811 2.74761850123 2.66692308137 1.52548530905 1.78593139201 2.94440394943 1.19870366759 0.670244807283
 2.4765584589 3.22159954027 1.62872098297 1.90862920088 2.86239402244 2.7539062349 2.5693709784 2.17458149449 1.89852275863 3.08430760662 1.18545105002 0.836289615684
 1.06459128961 -0.742034336004 2.29056645849 -0.000853400633409 0.923154241229 0.803709017731 1.53726141631 1.3637094009 0.30471036954 0.932234978199 0.946012485477 0.227134935191
 2.29973401751 -3.36495697293 0.406496540768 0.0968119118744 1.62194900421 1.36930083485 1.94264765415 1.16278525892 0.874835798629 1.551032349 1.0200566963 0.808104320673
 2.07206286976 2.38680963021 -1.74215261171 1.16249452354 2.28449424715 1.9093974098 2.80409115252 0.523417906204 2.21635175692 1.2650670422 1.36861098602 1.18539890316
 1.8051036515 2.97187840006 1.35218650512 1.16000452165 2.18113528454 1.87930287749 3.22448688982 1.28177359016 1.98518043795 1.93316404129 1.327635832 1.33676185839
 1.99173996243 1.94885594115 5.04433501288 2.05171748607 2.03995013658 1.85884690829 2.79496318285 0.926702110332 2.06280183094 1.42458056139 1.40107498408 1.30554956618
 2.39868999713 -2.8077815192 4.31934034017 1.14552239451 2.33492445544 2.00884114645 3.13697197255 1.07641206938 1.97802034772 1.89787441881 1.38049515449 1.25871739263
 2.0621740032 -1.03385773665 2.61275870306 1.54267960885 1.80127243957 1.36483656364 2.02503242754 0.498665985788 1.43123440041 1.31595117119 1.06147772055 0.882414472555
 2.16179365572 3.43388761673 3.14951681818 1.64417373646 3.14715576983 1.91267453056 2.56762447127 1.53676246919 1.83456945199 1.58711824929 1.32946205222 1.10716186883
 1.36626029855 4.90740080959 2.15981899047 1.29565321229 0.899241002179 1.3521162795 2.14052509076 0.335224640895 1.85563403172 0.495222484961 1.087484972 0.92768787536
 0.766386606924 -0.535561787376 1.90173833253 0.206330162981 -0.160357033274 0.30634681043 0.840365147314 0.647968555581 0.222706545833 0.0666860978578 0.734913548618 0.212373878212
 2.75386556893 -0.256818494327 1.17140977116 1.64337910586 2.22347889384 1.89380118373 3.06038371412 0.915987973898 2.10185972503 1.70880632724 1.30844437241 1.16263779994
 2.18825689868 -2.56322875463 5.28160511194 0.411107122048 2.4353427301 1.89368646269 3.01378150166 0.583523812467 1.74703611873 2.14079558006 1.36164525437 1.11217032643
 2.33394368269 2.01135839131 1.84493894456 0.598951190633 1.96290975061 2.01884984011 2.78712977991 0.801119830267 2.00898393373 1.44349867976 1.39085909448 1.16774246562
 1.46066738733 2.19742690206 0.560901009849 1.05442026146 0.284525870362 0.85899894962 1.14053100295 0.864839606622 1.11444956155 1.02074688262 0.911492712887 0.617817612574
 2.04440069565 2.61044198327 2.52670696788 1.07558063109 1.96650030003 1.19470636996 2.17032864356 1.68611394093 1.37352921277 1.84902700096 1.08765876558 0.797529550295
 2.35662947035 0.0406483595787 -1.0556627544 1.94560850334 2.39177640192 2.47684779777 3.10648415026 1.70635741587 1.89655588931 2.41487858084 1.28320518475 1.22992525994
 3.35863249625 4.09817248983 2.19700663465 1.61383838 3.10177743067 2.09922953618 2.95424140207 1.6519933714 2.2869711511 1.15192116624 1.25628201353 1.25005952441
 2.25846841353 1.41260833497 2.31568769879 1.68738945096 2.61314121612 2.06145033967 2.67071390068 1.65918360282 2.41021895823 2.76850913479 1.26404072932 1.16275425006
 2.5879838324 2.41154752727 1.84655925486 1.88386100999 1.91909370394 1.5726835134 1.74839436858 0.658562309366 0.937961476 1.11634336865 1.03389153291 0.943011744497
 1.76355910267 -0.349477969907 2.61317354519 1.50765348205 1.5237226854 1.77636973283 1.56013801456 1.32368955144 1.79842355867 1.84073455501 0.986901221436 1.04385424551
 1.46840089628 0.767117571811 -0.183299578696 1.24421359769 0.95603684167 1.61544786829 1.29387761816 0.799866748623 1.28802810588 0.816972309085 0.87495310874 0.574141896425
 3.22059600274 -0.369891331724 2.122107296 1.39501032337 1.79503557038 2.38737257681 1.38182474821 0.917766376249 1.69301603896 0.858102161138 0.977410075441 0.792804267555
 3.25271118819 0.40693471837 2.25882694846 1.36231033596 2.28286721334 3.04260153942 2.73964876866 1.49472291557 2.00221464696 3.02119368949 1.21169051059 0.822426670018
 3.08416209331 -1.80597185255 0.220310432588 2.12819606826 2.84068896472 2.92741787226 2.75551660744 1.53128790868 2.07282605036 2.37074739404 1.21946989023 0.902481320365
 2.10073963421 -0.467513848915 3.01303499696 0.199892535526 1.40875453671 1.98763141605 1.34859096305 0.745598320636 1.01232372495 1.42025060457 1.00727115517 0.341751006046
 1.79037350064 3.8337754582 0.929855013903 1.46987012064 1.46858480492 1.57083264292 2.63582388129 1.12953484841 0.906392105623 1.61798963184 1.19221533337 0.591081652489
 1.70381410699 -0.937611286973 1.88936028701 0.982844571181 1.40612906531 1.87528608983 2.68755754923 0.679157557179 1.2607791364 1.20266554592 1.27658767129 0.564588335076
 2.37636031427 4.66074151219 0.80254954861 1.69631270749 2.06448545315 2.11930219626 3.11665338696 1.0669859736 1.61279404389 1.6463364932 1.39472679434 1.11941449187
 2.55986247372 0.775734438303 3.39422568613 1.7657713894 2.12260851202 1.86677296509 2.73129359809 1.51193241597 1.57195643133 0.855887872585 1.41614093899 1.20698751886
 2.39321500881 5.08404576086 -1.02045592972 1.32949047463 1.1503940384 1.25637900997 2.01277020382 0.379745476596 2.00307500415 0.266019319884 1.11931401014 0.991545671896
 1.45596544143 7.12167170004 5.0645370731 1.45769757059 2.12066133029 2.22157483014 2.51762823083 1.08566152859 1.55063211972 1.46277708974 1.33239064982 0.891944057424
 1.96256792337 -2.96538035492 2.20282226966 1.33331828705 2.29004063999 1.47985383277 1.55431886791 0.308730837228 1.48348949191 1.10322821674 1.11356834336 0.728320089503
 1.3372630898 3.27174056082 -1.0849772198 0.0957864503592 1.46981276889 1.80807205684 2.7273644356 0.732055661409 1.59023143807 1.12105603549 1.26162751303 0.735755625836
 2.66368728236 -0.871742684968 2.34632656557 0.956652996628 1.97557592695 1.84894468291 2.89485690767 0.218062278145 1.80682700893 1.05875963192 1.37633193453 1.15092393327
 2.76441143703 -0.699040167355 1.48020652857 1.88069831344 2.40236905802 1.82881522374 2.885276065 1.42059116604 1.87712980711 1.714378247 1.3672449957 1.1936479607
 2.41480517224 1.66716537789 0.841901775651 1.51158760584 1.53219785422 1.20706874707 1.71264021848 0.89111454449 0.949145439537 0.775280990103 1.09830962999 0.865533547631
 2.02445914361 -3.23013430912 0.4528170568 0.288773332451 1.89169548562 1.53446872647 1.40873457232 1.24371458024 1.34017300638 2.31054980172 1.02650997424 0.928348424096
 2.10873266134 3.5535699809 0.582210991846 1.37438476657 1.28141948885 1.21672534162 1.4853105706 1.32579656802 1.26068205559 1.83826490566 1.05520779476 0.994957892779
 1.98094684783 0.18702451355 -2.5806621891 1.94994557755 2.10403430674 1.6874914688 1.62058481371 0.600246644973 2.17669822442 1.72850496275 0.977953457204 1.14941054921
 0.938406714779 2.14806040765 0.69389514527 1.39751593146 0.517982581278 1.56441986259 1.35945071524 0.412477870627 1.45235682785 0.784377486652 0.918178103458 0.552111064008
 1.46174912815 2.93539146768 -0.885071690114 1.54586538298 1.31587376429 1.79813683465 1.92391395393 0.813860345848 2.23331771994 1.8106501489 1.86700675276 0.974661453215
 1.56055233128 1.03660445122 -1.02116161527 1.31459137622 0.7145680787 1.99285814394 2.10666284745 1.41570179858 2.33138158056 1.28930015898 1.87869198254 1.11942937144
 2.50777863698 6.56649099544 2.34968848471 1.846585526 1.76762838343 2.78213526931 2.14384679648 0.879369984537 2.91915679041 2.51645290861 1.96269910261 1.2051120645
 3.06035025557 1.50692012821 3.58722054154 0.16194028321 1.89473001584 2.74845438206 2.17489731623 1.73171871949 2.46443698635 2.12463763214 1.94563165533 1.14240351265
 2.42440995924 6.72228424212 -0.51330963341 1.81356494248 1.58859691988 2.95061875142 2.44620338539 0.583851556867 2.57471050134 1.39369089167 1.89909720051 1.03578056601
 2.45786612669 6.42785014768 0.355188077106 1.62763943943 1.93678145151 2.81401120725 2.1055408646 1.21754813221 3.03572521522 2.0407068903 2.01108697541 0.928475437413
 0.851504877344 3.86087380347 1.06959528169 0.0786960305461 0.239061383921 0.848131380854 0.588974940761 0.529956638094 1.57191639167 0.969366487951 1.62750454163 0.575828123273
 1.66138227666 -1.65442269074 1.17686341633 1.71676181536 0.934542136831 1.3616813435 0.811682698605 0.588497388166 1.1323989244 1.64555657118 0.901683032684 0.442097782474
 2.0259804605 2.77894419428 0.510309439118 1.45272213787 1.87038279335 1.94066351079 1.98392391293 0.839913775267 2.01102044152 2.69540356269 1.04139053798 1.03648275664
 2.10056639904 2.14944672808 -2.1918298753 2.18215161884 1.50812717341 2.20433361096 2.16511466911 0.854171627516 3.03830427608 1.66427412 1.96894770311 1.67620597329
 2.21370753469 1.79623409552 0.867519073838 2.17355176802 2.24086997351 2.39719202725 2.14145717601 0.694483293823 3.01771492032 1.3568033322 1.95792131909 1.6199725541
 1.75986821683 2.4847380303 -0.179815467159 1.73332867861 1.16498797024 1.24644781149 1.7348755203 0.721287057148 1.72410988728 0.907044028361 1.8084236985 1.33443559332
 1.64087924083 -0.72321224523 0.813777520335 1.83298951712 1.90645380173 1.15521342747 1.38633004184 0.562592044474 1.97116485915 1.22251712488 1.78823928979 1.20151655328
 1.70764645936 0.150881273977 0.0659503291932 1.10245475746 1.53837872207 1.46055206068 1.75325607359 0.381599022471 1.8275885364 -0.39355475387 1.84114932747 1.2295579546
 2.69522551198 2.08942176415 1.37311638849 2.26186333343 1.76366528372 2.22939958721 2.33856958544 0.977297083894 2.69607795087 1.54048131233 1.96033526429 1.60901728912
 2.13861505228 0.443996083993 1.62457107262 2.13055803104 1.52875263665 2.18024644813 2.31268472183 0.815233887852 3.16505756746 1.62044187253 1.98944328617 1.65154366301
 2.30445051742 2.69569228801 0.612218540083 2.03284067052 2.62476412165 2.30549524289 2.11619096857 2.03966690977 3.35233694707 1.72021803641 2.00133671791 1.46390824391
 1.5672620707 2.87435948238 -3.54893722039 0.728779834096 0.82896877828 1.78238414535 1.24560572981 1.30072660556 1.06104843305 1.23634353209 0.884276216287 0.610035233019
 1.85613646869 0.466910324224 -0.835350462499 2.10764303187 1.95850771146 1.70276460493 1.73741525526 1.16992781423 2.0498199583 0.761443604052 0.993953439776 1.04830711345
 2.83062676088 2.03226216322 0.882009638197 2.40203714405 2.89171798136 2.41688984556 2.28046980168 1.74844851622 2.96194585991 0.902973104733 1.88387900321 1.98030186149
 2.28462827785 -3.65792547918 -0.487538248757 2.85339673722 1.96460440342 1.85764788133 1.73112259647 1.23247201951 2.0176270835 1.50965336189 1.00669094144 1.03927747292
 2.22281918719 3.15460853516 0.64982732071 0.558005061455 1.66458525014 1.48104992738 1.56086792139 1.67918221056 2.43191329619 1.13289981448 1.72193951209 1.91523901014
 0.985672606254 0.994751106485 -0.568568561418 -0.359219393165 1.21675773863 1.23257644594 0.841089324633 1.02976600635 0.74159382784 0.300234975534 1.59884524071 1.11453528427
 2.33142754294 2.46916190342 -0.296615120555 0.0127493539 1.46956288264 2.88656157997 2.20215702685 1.07343639714 2.82645200237 1.42522880807 2.00952450842 1.48965564866
 2.25600367409 3.45410592602 -0.330742622644 1.31266685651 1.6835731261 3.17371925222 2.51645481538 1.87526481834 2.57486679961 2.11434726227 2.03411785833 1.49555997963
 2.00673144923 0.967209962615 1.39505496718 0.6605613459 1.43394549575 2.22182255832 2.0563320373 0.270405314588 1.52205839344 1.58277182854 1.05390394372 0.496160929522
 1.78854642216 3.15241303478 -1.75328039015 1.03401337571 1.2314162364 2.2763539089 1.92271680041 0.118761127079 1.37804780422 1.85203542352 1.08854748861 0.668841871338
 1.47230045457 4.7810198932 5.66379013459 0.563365247496 1.3577898234 0.923609464892 1.23619526946 0.807546440989 0.727425066763 1.23145286782 0.947435382877 0.403291782465
 1.51476629791 -1.77102015454 -0.171264895532 0.139670725336 1.98439482399 1.57694585292 2.41904031798 1.22221932821 0.731533341049 1.61671671657 1.23088385674 0.649650732344
 2.40937431668 4.15871729057 4.32926812486 1.9372946415 2.13629322899 2.54240818952 2.79499470157 1.19243150345 1.63588448646 2.42464467064 1.32907623553 0.757839408757
 2.7642245564 -1.00335960833 0.941931532925 -0.0412061122399 2.20296920988 2.55413963752 2.82941199786 0.57061613072 1.80945074464 2.82388362399 1.29286860969 0.772420825259
 1.7912553464 4.52080949416 -0.57242073361 1.61944055285 1.19030095045 1.91287190633 1.8378129138 0.795805029039 1.20481602886 1.35567531373 1.06612407673 0.626070916067
 2.48376792842 -0.52447370708 4.48458096096 0.796733289867 1.15201921811 2.27070442451 1.31735920716 1.50066922063 2.16989450948 1.71418020588 1.7231789428 1.12407375897
 1.33586195191 0.660802301623 -2.266889255 0.67206519148 0.91498545781 1.64721113495 0.649464966386 0.754441375035 0.608330516274 1.99851635915 0.78330689747 0.311900952095
 1.09790525763 -2.41402125163 -1.60689197922 0.731013212059 0.739218157364 1.22391436963 1.81164500242 0.168954137598 0.572428034925 0.17795876588 0.992183913919 0.6070628075
 1.95054876448 -0.408464903864 3.07903659106 1.41834481955 1.42483645041 1.82736586443 1.30939830621 1.65805360376 1.76201326093 0.944119796182 1.9327084586 1.50107669549
 0.932538199598 6.39957261165 2.69327949483 0.511248529403 1.30049939356 1.93392911043 2.00540130919 1.59977212749 2.10116946288 0.961548570709 1.90365844005 1.27594684951
 2.63598623073 1.53570723151 1.78643329758 1.97550539039 2.38949794494 2.97983837272 1.73495003567 1.89313706957 2.63336670112 1.72219562084 1.97314913471 1.60944735794
 2.98786055245 3.62019164174 5.88601124851 0.960666194268 1.9524259059 3.09882883496 2.25761259481 1.10470893235 2.3506492103 1.80565626515 1.97045065744 1.73219589254
 0.903238259792 -1.26435826405 -3.10623736549 -0.0415416275386 0.432361660744 0.617667933437 0.665097354128 -0.36842557787 0.658280661229 0.752857696286 0.732060568336 0.212049726756
 2.60273834953 -0.689141153915 0.954946485629 0.753477831858 2.52838578705 2.97161417007 2.67605087453 1.11313686269 2.58340716603 2.47235286462 1.85059267997 1.6880232148
 1.93315246206 -1.79277296965 3.90947865922 1.74496290619 1.75270438908 2.58683018978 2.09969650393 1.1596748006 1.68621272018 2.00556367541 0.980821710213 0.466883716071
 3.52712952559 4.94101601626 2.01103658703 1.11427360323 2.55340424473 3.14235608157 2.24872485367 2.03477183074 2.74134653751 0.718513645479 1.92032334201 1.58115548146
 1.09923112925 0.0822074770771 0.897671009674 0.303520039464 1.00808984429 1.32178203822 0.925652280495 0.903641791519 0.969633705362 1.06921193561 1.61863266401 1.07994015513
 0.824883959109 1.73795330241 0.495237541121 0.672434661971 0.817206781506 1.27731904108 0.715638061606 0.861453660577 1.06112716027 1.15100244373 1.64448430832 1.23627618638
 1.33620182999 1.32541953671 -0.794012245706 1.30248572953 1.41618316652 2.1120730995 1.9166389926 1.43219968711 1.76470633259 0.284355119241 1.88734890272 1.45178876197
 2.75845787321 1.1315068342 -0.734991698135 0.61524082413 2.06097239974 3.06707350159 2.22231548967 0.817170165886 2.47780704141 2.218112022 2.01720809957 1.6582608241
 2.50508623893 1.14879272373 0.103419732569 0.298817661196 1.55152779883 2.35689891525 0.843971805742 1.67093729976 1.45009656778 1.37977385571 1.74595153725 1.28928129164
 1.27126883136 0.0708981421039 0.787473315492 -0.579169007343 0.640455572689 1.78548648526 0.814877405068 0.760339256782 0.622530408846 1.6798150932 0.807689535048 0.176900624617
 1.88828194454 -3.82053823234 -0.533218995304 0.923330810442 0.72930921592 1.67106589071 0.967397491883 0.0746384326884 0.82787098939 0.9881016634 0.774257501256 0.283489167403
 1.56291722976 -1.40605283328 1.47190156284 0.963315655188 1.59005325182 2.07969686658 1.599707968 1.63741678753 2.3502284254 0.358147887951 1.93832093648 1.41571930624
 0.337061317739 -0.633681050479 0.498929333168 -0.168385235196 0.844497862098 1.14751974453 1.31911144779 0.762640927834 0.88008187768 0.785044005045 0.951268446632 0.527086611575
 2.55239951696 4.92585420559 0.810896613624 1.78798163023 1.72915832448 1.8299441153 2.59813563882 0.745328431888 2.63219612408 0.654277729053 2.08188441661 1.40123736327
 2.29356572462 4.29502201459 2.46308293618 1.70999428903 1.59383888971 1.56058337384 2.25446346042 1.29870987872 2.81600124758 0.100708740163 2.14058722165 1.63999933389
 1.88990558252 0.788069699221 0.400367219883 1.82362395708 2.14364211663 1.8823846559 2.69216208607 0.431829997102 2.89654959048 1.42871465547 2.07076994488 1.5118154424
 1.51591719949 4.1423239834 2.86365718699 2.29713825137 1.4857318181 1.31627045808 1.76218850039 1.00366651745 2.31378423144 0.711701545539 1.8970220152 1.20187579327
 0.630490207535 2.31862127675 1.4100575937 0.991125874068 0.11614062789 0.790910166056 0.464803234618 0.149464322949 0.045926483083 0.82399913672 0.695260293695 0.217464262181
 1.53845476754 -1.40254981944 1.40792463281 0.912864824812 1.33312127852 1.38971408726 1.28270402426 1.0474835865 1.32113790338 1.90418050276 0.805048889713 0.517893788121
 1.6398120391 1.65148880939 1.46911488283 0.896306130675 1.5840815154 1.7066969111 1.81786585907 0.72584236335 1.0055135541 1.07888181641 0.832985552064 0.61939104594
 2.85546268981 0.28683548506 1.60393566462 1.4056567128 1.79446252742 2.87279364826 2.15090359147 0.787540570349 2.66901156487 2.94947732411 1.95486302962 0.974837148647
 2.06557700546 0.179249508736 2.68862092043 0.367398553617 0.641485452358 1.95261888727 0.915204317572 0.666747039053 1.82720910069 1.29110638035 1.74164150592 0.888814056714
 2.66617737718 4.99982523568 -0.539105240461 1.70157249063 1.60097358137 2.9402442158 2.24505803843 1.03463342051 2.66395072194 1.57921923364 1.92730177559 1.0735590391
 3.20744999375 1.61396403551 -0.141084694752 1.2802350763 2.04882181003 2.76780811574 2.03457210913 1.80096410817 2.48543372016 1.89016955025 1.95179359369 1.00318403056
 2.18996581137 2.86620440023 -3.32080565446 1.91936677924 1.81851431943 2.98199222561 2.5463029518 0.571432668416 2.71041864053 2.35972145315 1.98900736712 1.25166575573
 3.23593677525 6.27370434826 4.67653291488 2.10699079143 2.41801695697 2.95113646267 2.50993065677 1.35045923944 2.73240860967 1.7697296379 1.91349947424 1.16452612847
 1.40149154842 -1.28056446091 -1.18541601282 1.19416844086 0.223754056537 0.662449691702 0.681236379528 1.10667632114 1.15415416863 0.225171382534 1.63357994147 0.66259718926
 0.843203296147 3.00910246908 3.12636036797 0.805297355122 0.564690908171 1.01510690521 1.5991935429 0.0644367702981 0.769750743253 0.79216487415 0.988308386849 0.398799917234
 1.9149009334 -0.456077333571 1.31139294457 1.1029016744 1.02329257372 2.19024744135 1.80585364902 0.308390186415 1.21059504323 0.246296087763 1.02682761231 0.57880641692
 1.94298378799 3.92666008004 0.395549770994 0.613991594126 2.07612373214 2.05182779073 2.17766581257 0.262240070879 1.42404170617 0.960237520898 1.10508834087 0.557740210982
 2.2856310466 6.14710716119 1.54983705451 0.893634191299 1.07393230307 2.60369623375 2.206508382 0.420203252124 2.59176062492 1.54621262465 2.06796741623 0.964612788567
 1.99586223839 0.192973045356 -2.07870197266 0.692607518853 1.02882313314 2.50554413653 2.53556751344 0.454650005096 2.52495104506 2.04605630163 2.07286319875 1.29396389284
 2.11204179607 2.15466283632 2.28394062937 1.32978143876 0.761242445282 1.85933968257 0.933485130645 0.66775645973 2.07927077446 0.486895442092 1.81151126289 0.708768703891
 1.5721935084 7.56833005127 0.143312988111 0.682861361196 0.995475177693 1.92053109486 1.92176409162 1.10352100055 1.4934876936 1.15135045177 1.8028720007 0.695060398398
 3.10562368613 -0.872862076163 0.181661201394 1.95822817545 1.68344495653 2.78195735785 1.84286479705 0.564806131934 2.96680151166 2.52034249653 1.95909169729 1.22708477558
 1.04609616403 -1.7848823272 -0.531892995679 0.22050820186 0.37540625282 0.818159767695 0.510250333728 0.623188208797 0.212552344131 -0.310316381326 0.753207878579 0.407315572724
 1.5937506957 -2.26105090115 1.9663010277 1.37792042419 1.02595890917 2.14765602932 1.98868159277 0.939983169986 2.27545112718 0.44436029223 1.87815306189 1.15176765327
 1.13699933891 0.0529843746692 3.13890770069 2.58023949552 0.80563464596 1.73591930097 1.74408210801 1.22255251495 1.83915423645 1.04221770013 1.83956671236 1.00059753706
 2.28319386952 -1.4867223656 -1.5016198702 1.37741638129 1.13854040258 1.29927837145 1.46888089111 1.02928409319 2.10785413112 0.877174275482 1.84683874776 1.37015916583
 2.12803713579 -0.320115454671 0.228981472505 2.11592711979 1.35283920801 1.90392926378 2.40280627113 0.625015091958 2.69368518365 1.20042217218 2.09515239467 1.48107298082
 2.12142873969 2.75021301999 0.483804629217 1.86783235195 1.57116974241 1.4919467995 1.89795972036 -0.0199792874624 2.00628904257 0.429990646208 1.14404255418 1.05369605693
 1.95805941883 0.336990996355 0.779425995944 1.34540246159 0.934806217498 1.53605902161 2.10486300983 0.658760814626 1.60159397946 0.617729125837 1.09867558422 1.02057137213
 1.62977626315 -2.36729366153 1.19672649739 -0.0484632366499 1.33953250116 1.40097949988 2.06159838078 1.06611785105 1.16667985839 1.96864260824 1.18706558986 0.58804948575
 1.75500534694 1.92299599786 0.751308867047 0.377344456508 1.48358025648 1.69559599376 2.29819956424 1.1277396919 1.00584765175 2.55183159753 1.18615618831 0.433004357152
 2.52230197563 0.398114252231 -1.13103949695 1.88369422981 1.72089872678 1.98054485322 3.25711369298 1.24607073728 2.03338296067 1.63064167021 1.35894604938 1.26823066552
 2.77392262673 1.5244453993 2.77089254895 1.6755556828 2.2937488824 1.91074058158 3.58672448951 0.851640065605 2.1106714184 1.55561556533 1.37171343663 1.13735181611
 2.41803363353 1.90399737063 4.43176644277 1.36452733389 2.42272048955 1.79305147313 3.0719913242 0.958932553501 1.80102015066 1.23572854764 1.326469578 1.12145211223
 1.60316668972 -0.345122980924 -1.47006245865 1.22056844899 2.17841295929 1.40865823721 2.07597923786 0.836446544244 1.23980977134 1.1476288528 1.05692329974 0.934299201963
 1.13298120196 5.99299906229 -1.13974495357 0.90599464554 1.0029922264 0.822068663984 1.67656517932 1.01391070872 0.256088643543 1.91443450448 0.903031934828 0.336552476777
 1.93886019609 2.99598641023 1.46001987859 1.84778832769 0.306254415106 1.47909162592 1.43866391788 1.0167535372 0.859339541851 0.737149007197 0.892342404577 0.623479894686
 2.21255046616 2.39756780161 4.9884852934 1.47988713948 1.95892109973 2.3540377061 1.59108793339 2.10200415616 1.82292898252 1.77201018957 1.82117601136 1.62200900823
 3.02806622881 4.20559366518 1.93083486736 1.17308895838 2.20060061756 3.08424935647 2.02369483579 2.01898819495 3.11530710809 1.78726873261 1.91068881915 1.48644803375
 2.58348170542 3.62563991387 3.04444168948 1.478276247 1.87371776003 2.22986994349 1.23711376179 1.22218078693 1.67665228656 2.59718105297 1.71511107356 1.14805531586
 2.35431014133 0.882578308668 2.62649163189 1.68856880258 1.82594949699 3.27423011804 1.97058154685 1.45922081758 2.64011382036 2.0837936137 1.93150760025 1.60977631047
 2.34902955528 1.39680503021 0.689783232102 0.877049992159 1.89995189381 2.3954046704 1.87332027686 1.3644414903 1.73512542023 1.33620961133 0.977000830478 0.567794005219
 0.926395221557 0.0907582463144 0.447219791229 0.967646312473 0.945738347151 1.67401537107 1.41204310261 1.35563884239 1.08729822079 0.985377938639 0.914126287457 0.539900036314
 2.15474704478 -1.19758853858 5.42924604692 0.953122370928 1.51089313317 1.07927243444 1.18288300758 1.87334323879 0.282304099976 1.28608504572 0.893185930886 0.076276419248
 2.10168141139 3.38596733673 1.24342309535 1.22365414922 2.38466196751 2.12361232401 3.66492746471 1.14182277392 2.15758533979 1.52820409275 1.34168092802 1.15888428345
 2.68032184088 -0.388359929841 4.27606167495 1.45441762011 2.11939547749 1.81717189364 3.58735636993 1.23905108209 1.71775047235 1.7361806251 1.38596220311 1.1392670843
 2.15737053772 1.83019187172 0.366812739753 1.46678446014 1.2447591449 1.41845928609 2.3005630758 0.517809037129 1.88379447022 1.06996525318 1.12920781818 0.995868198144
 1.54660549858 0.0456970180942 2.31462779625 0.528595804303 1.49925906243 1.46059129636 1.9435694658 -0.108592712506 1.91398024234 1.0629979483 1.11563487525 1.06615324388
 2.41330262032 -1.11534490199 4.46993761127 0.568920971895 2.08841404921 2.07522625078 3.53618407023 1.12313590417 2.14179254854 1.27021735945 1.3468701064 1.25186105138
 2.64064350605 3.47061394746 3.24314780774 0.565566534037 2.55896815606 1.92533073076 3.01447067307 1.39930177754 1.8429199112 2.18671483833 1.36064595111 1.22926647342
 2.12800723494 -0.944511408779 0.285592353984 0.906354412438 1.86971841589 1.26069003334 2.0018858373 0.829664510182 1.59015118205 0.992022605828 1.13009833572 0.901869794655
 1.96936802038 -0.698491655008 2.51159943653 1.55173194208 2.61373471085 1.31509849128 2.25457767949 -0.158830764209 1.4221819535 1.1046654739 1.10492691114 0.90260398486
 1.10024066867 0.14219594391 -1.85604705292 -0.183761960455 0.900922390334 1.04327283361 1.55641844629 0.852457508739 0.457452041631 0.435431579428 0.948467238887 0.271626512207
